,Mouse ID,Session ID,Block Trial,Port Streak,Reward Streak,Decision,Switch,Higher p port,Reward
0,quirrel,07192016_quirrel,0.0,0.0,0.0,1.0,1.0,1.0,1.0
1,quirrel,07192016_quirrel,1.0,1.0,1.0,1.0,0.0,1.0,1.0
2,quirrel,07192016_quirrel,2.0,2.0,2.0,1.0,0.0,1.0,0.0
3,quirrel,07192016_quirrel,3.0,3.0,-1.0,1.0,0.0,1.0,1.0
4,quirrel,07192016_quirrel,4.0,4.0,1.0,1.0,0.0,1.0,1.0
5,quirrel,07192016_quirrel,5.0,5.0,2.0,1.0,0.0,1.0,1.0
6,quirrel,07192016_quirrel,6.0,6.0,3.0,1.0,0.0,1.0,1.0
7,quirrel,07192016_quirrel,7.0,7.0,4.0,1.0,0.0,1.0,1.0
8,quirrel,07192016_quirrel,8.0,8.0,5.0,1.0,0.0,1.0,1.0
9,quirrel,07192016_quirrel,9.0,9.0,6.0,1.0,0.0,1.0,0.0
10,quirrel,07192016_quirrel,10.0,10.0,-1.0,1.0,0.0,1.0,0.0
11,quirrel,07192016_quirrel,11.0,11.0,-2.0,1.0,0.0,1.0,1.0
12,quirrel,07192016_quirrel,12.0,12.0,1.0,1.0,0.0,1.0,1.0
13,quirrel,07192016_quirrel,13.0,13.0,2.0,1.0,0.0,1.0,1.0
14,quirrel,07192016_quirrel,14.0,14.0,3.0,1.0,0.0,1.0,0.0
15,quirrel,07192016_quirrel,15.0,15.0,-1.0,1.0,0.0,1.0,1.0
16,quirrel,07192016_quirrel,16.0,16.0,1.0,1.0,0.0,1.0,0.0
17,quirrel,07192016_quirrel,17.0,17.0,-1.0,1.0,0.0,1.0,1.0
18,quirrel,07192016_quirrel,18.0,18.0,1.0,1.0,0.0,1.0,0.0
19,quirrel,07192016_quirrel,19.0,19.0,-1.0,1.0,0.0,1.0,1.0
20,quirrel,07192016_quirrel,20.0,20.0,1.0,1.0,0.0,1.0,0.0
21,quirrel,07192016_quirrel,21.0,21.0,-1.0,1.0,0.0,1.0,1.0
22,quirrel,07192016_quirrel,22.0,22.0,1.0,1.0,0.0,1.0,1.0
23,quirrel,07192016_quirrel,23.0,23.0,2.0,1.0,0.0,1.0,0.0
24,quirrel,07192016_quirrel,24.0,24.0,-1.0,1.0,0.0,1.0,0.0
25,quirrel,07192016_quirrel,25.0,25.0,-2.0,1.0,0.0,1.0,0.0
26,quirrel,07192016_quirrel,26.0,26.0,-3.0,0.0,1.0,0.0,0.0
27,quirrel,07192016_quirrel,27.0,1.0,-4.0,0.0,0.0,0.0,0.0
28,quirrel,07192016_quirrel,28.0,2.0,-5.0,0.0,0.0,0.0,0.0
29,quirrel,07192016_quirrel,29.0,3.0,-6.0,0.0,0.0,0.0,0.0
30,quirrel,07192016_quirrel,30.0,4.0,-7.0,1.0,1.0,1.0,1.0
31,quirrel,07192016_quirrel,31.0,1.0,1.0,1.0,0.0,1.0,1.0
32,quirrel,07192016_quirrel,32.0,2.0,2.0,1.0,0.0,1.0,1.0
33,quirrel,07192016_quirrel,33.0,3.0,3.0,1.0,0.0,1.0,1.0
34,quirrel,07192016_quirrel,34.0,4.0,4.0,1.0,0.0,1.0,1.0
35,quirrel,07192016_quirrel,35.0,5.0,5.0,1.0,0.0,1.0,1.0
36,quirrel,07192016_quirrel,36.0,6.0,6.0,1.0,0.0,1.0,1.0
37,quirrel,07192016_quirrel,37.0,7.0,7.0,1.0,0.0,1.0,1.0
38,quirrel,07192016_quirrel,38.0,8.0,8.0,1.0,0.0,1.0,1.0
39,quirrel,07192016_quirrel,39.0,9.0,9.0,1.0,0.0,1.0,1.0
40,quirrel,07192016_quirrel,40.0,10.0,10.0,1.0,0.0,1.0,1.0
41,quirrel,07192016_quirrel,41.0,11.0,11.0,1.0,0.0,1.0,1.0
42,quirrel,07192016_quirrel,42.0,12.0,12.0,1.0,0.0,1.0,1.0
43,quirrel,07192016_quirrel,43.0,13.0,13.0,1.0,0.0,1.0,1.0
44,quirrel,07192016_quirrel,44.0,14.0,14.0,1.0,0.0,1.0,1.0
45,quirrel,07192016_quirrel,45.0,15.0,15.0,1.0,0.0,1.0,1.0
46,quirrel,07192016_quirrel,46.0,16.0,16.0,1.0,0.0,1.0,1.0
47,quirrel,07192016_quirrel,47.0,17.0,17.0,1.0,0.0,1.0,1.0
48,quirrel,07192016_quirrel,48.0,18.0,18.0,1.0,0.0,1.0,1.0
49,quirrel,07192016_quirrel,49.0,19.0,19.0,1.0,0.0,1.0,1.0
50,quirrel,07192016_quirrel,50.0,20.0,20.0,1.0,0.0,1.0,0.0
51,quirrel,07192016_quirrel,51.0,21.0,-1.0,1.0,0.0,1.0,1.0
52,quirrel,07192016_quirrel,52.0,22.0,1.0,1.0,0.0,1.0,0.0
53,quirrel,07192016_quirrel,53.0,23.0,-1.0,1.0,0.0,1.0,1.0
54,quirrel,07192016_quirrel,54.0,24.0,1.0,1.0,0.0,1.0,0.0
55,quirrel,07192016_quirrel,55.0,25.0,-1.0,1.0,0.0,1.0,1.0
56,quirrel,07192016_quirrel,56.0,26.0,1.0,1.0,0.0,1.0,1.0
57,quirrel,07192016_quirrel,57.0,27.0,2.0,1.0,0.0,1.0,0.0
58,quirrel,07192016_quirrel,58.0,28.0,-1.0,1.0,0.0,1.0,1.0
59,quirrel,07192016_quirrel,59.0,29.0,1.0,1.0,0.0,1.0,1.0
60,quirrel,07192016_quirrel,60.0,30.0,2.0,1.0,0.0,1.0,1.0
61,quirrel,07192016_quirrel,61.0,31.0,3.0,1.0,0.0,1.0,1.0
62,quirrel,07192016_quirrel,62.0,32.0,4.0,1.0,0.0,1.0,1.0
63,quirrel,07192016_quirrel,63.0,33.0,5.0,1.0,0.0,1.0,1.0
64,quirrel,07192016_quirrel,64.0,34.0,6.0,1.0,0.0,1.0,0.0
65,quirrel,07192016_quirrel,65.0,35.0,-1.0,1.0,0.0,1.0,1.0
66,quirrel,07192016_quirrel,66.0,36.0,1.0,1.0,0.0,1.0,1.0
67,quirrel,07192016_quirrel,67.0,37.0,2.0,1.0,0.0,1.0,1.0
68,quirrel,07192016_quirrel,68.0,38.0,3.0,1.0,0.0,1.0,1.0
69,quirrel,07192016_quirrel,0.0,39.0,4.0,1.0,0.0,0.0,0.0
70,quirrel,07192016_quirrel,1.0,40.0,-1.0,1.0,0.0,0.0,1.0
71,quirrel,07192016_quirrel,2.0,41.0,1.0,1.0,0.0,0.0,0.0
72,quirrel,07192016_quirrel,3.0,42.0,-1.0,1.0,0.0,0.0,0.0
73,quirrel,07192016_quirrel,4.0,43.0,-2.0,1.0,0.0,0.0,0.0
74,quirrel,07192016_quirrel,5.0,44.0,-3.0,1.0,0.0,0.0,0.0
75,quirrel,07192016_quirrel,6.0,45.0,-4.0,1.0,0.0,0.0,1.0
76,quirrel,07192016_quirrel,7.0,46.0,1.0,1.0,0.0,0.0,0.0
77,quirrel,07192016_quirrel,8.0,47.0,-1.0,1.0,0.0,0.0,0.0
78,quirrel,07192016_quirrel,9.0,48.0,-2.0,1.0,0.0,0.0,1.0
79,quirrel,07192016_quirrel,10.0,49.0,1.0,1.0,0.0,0.0,1.0
80,quirrel,07192016_quirrel,11.0,50.0,2.0,1.0,0.0,0.0,0.0
81,quirrel,07192016_quirrel,12.0,51.0,-1.0,1.0,0.0,0.0,1.0
82,quirrel,07192016_quirrel,13.0,52.0,1.0,1.0,0.0,0.0,1.0
83,quirrel,07192016_quirrel,14.0,53.0,2.0,1.0,0.0,0.0,0.0
84,quirrel,07192016_quirrel,15.0,54.0,-1.0,1.0,0.0,0.0,0.0
85,quirrel,07192016_quirrel,16.0,55.0,-2.0,1.0,0.0,0.0,0.0
86,quirrel,07192016_quirrel,17.0,56.0,-3.0,0.0,1.0,1.0,1.0
87,quirrel,07192016_quirrel,18.0,1.0,1.0,0.0,0.0,1.0,1.0
88,quirrel,07192016_quirrel,19.0,2.0,2.0,0.0,0.0,1.0,1.0
89,quirrel,07192016_quirrel,20.0,3.0,3.0,0.0,0.0,1.0,1.0
90,quirrel,07192016_quirrel,21.0,4.0,4.0,0.0,0.0,1.0,1.0
91,quirrel,07192016_quirrel,22.0,5.0,5.0,0.0,0.0,1.0,1.0
92,quirrel,07192016_quirrel,23.0,6.0,6.0,0.0,0.0,1.0,1.0
93,quirrel,07192016_quirrel,24.0,7.0,7.0,0.0,0.0,1.0,1.0
94,quirrel,07192016_quirrel,25.0,8.0,8.0,0.0,0.0,1.0,1.0
95,quirrel,07192016_quirrel,26.0,9.0,9.0,0.0,0.0,1.0,1.0
96,quirrel,07192016_quirrel,27.0,10.0,10.0,0.0,0.0,1.0,1.0
97,quirrel,07192016_quirrel,28.0,11.0,11.0,0.0,0.0,1.0,1.0
98,quirrel,07192016_quirrel,29.0,12.0,12.0,0.0,0.0,1.0,1.0
99,quirrel,07192016_quirrel,30.0,13.0,13.0,0.0,0.0,1.0,1.0
100,quirrel,07192016_quirrel,31.0,14.0,14.0,0.0,0.0,1.0,1.0
101,quirrel,07192016_quirrel,32.0,15.0,15.0,0.0,0.0,1.0,1.0
102,quirrel,07192016_quirrel,33.0,16.0,16.0,0.0,0.0,1.0,1.0
103,quirrel,07192016_quirrel,34.0,17.0,17.0,0.0,0.0,1.0,1.0
104,quirrel,07192016_quirrel,35.0,18.0,18.0,0.0,0.0,1.0,1.0
105,quirrel,07192016_quirrel,36.0,19.0,19.0,0.0,0.0,1.0,1.0
106,quirrel,07192016_quirrel,37.0,20.0,20.0,0.0,0.0,1.0,1.0
107,quirrel,07192016_quirrel,38.0,21.0,21.0,0.0,0.0,1.0,1.0
108,quirrel,07192016_quirrel,39.0,22.0,22.0,0.0,0.0,1.0,1.0
109,quirrel,07192016_quirrel,40.0,23.0,23.0,0.0,0.0,1.0,1.0
110,quirrel,07192016_quirrel,41.0,24.0,24.0,0.0,0.0,1.0,0.0
111,quirrel,07192016_quirrel,42.0,25.0,-1.0,0.0,0.0,1.0,1.0
112,quirrel,07192016_quirrel,43.0,26.0,1.0,0.0,0.0,1.0,1.0
113,quirrel,07192016_quirrel,44.0,27.0,2.0,0.0,0.0,1.0,0.0
114,quirrel,07192016_quirrel,45.0,28.0,-1.0,0.0,0.0,1.0,1.0
115,quirrel,07192016_quirrel,46.0,29.0,1.0,0.0,0.0,1.0,1.0
116,quirrel,07192016_quirrel,47.0,30.0,2.0,0.0,0.0,1.0,1.0
117,quirrel,07192016_quirrel,48.0,31.0,3.0,0.0,0.0,1.0,1.0
118,quirrel,07192016_quirrel,49.0,32.0,4.0,0.0,0.0,1.0,0.0
119,quirrel,07192016_quirrel,50.0,33.0,-1.0,0.0,0.0,1.0,1.0
120,quirrel,07192016_quirrel,51.0,34.0,1.0,0.0,0.0,1.0,0.0
121,quirrel,07192016_quirrel,52.0,35.0,-1.0,0.0,0.0,1.0,1.0
122,quirrel,07192016_quirrel,53.0,36.0,1.0,0.0,0.0,1.0,1.0
123,quirrel,07192016_quirrel,54.0,37.0,2.0,0.0,0.0,1.0,1.0
124,quirrel,07192016_quirrel,55.0,38.0,3.0,0.0,0.0,1.0,1.0
125,quirrel,07192016_quirrel,56.0,39.0,4.0,0.0,0.0,1.0,1.0
126,quirrel,07192016_quirrel,57.0,40.0,5.0,0.0,0.0,1.0,1.0
127,quirrel,07192016_quirrel,58.0,41.0,6.0,0.0,0.0,1.0,1.0
128,quirrel,07192016_quirrel,59.0,42.0,7.0,0.0,0.0,1.0,1.0
129,quirrel,07192016_quirrel,60.0,43.0,8.0,0.0,0.0,1.0,1.0
130,quirrel,07192016_quirrel,61.0,44.0,9.0,0.0,0.0,1.0,0.0
131,quirrel,07192016_quirrel,62.0,45.0,-1.0,0.0,0.0,1.0,1.0
132,quirrel,07192016_quirrel,63.0,46.0,1.0,0.0,0.0,1.0,1.0
133,quirrel,07192016_quirrel,64.0,47.0,2.0,0.0,0.0,1.0,1.0
134,quirrel,07192016_quirrel,0.0,48.0,3.0,0.0,0.0,0.0,0.0
135,quirrel,07192016_quirrel,1.0,49.0,-1.0,0.0,0.0,0.0,0.0
136,quirrel,07192016_quirrel,2.0,50.0,-2.0,1.0,1.0,1.0,1.0
137,quirrel,07192016_quirrel,3.0,1.0,1.0,1.0,0.0,1.0,1.0
138,quirrel,07192016_quirrel,4.0,2.0,2.0,1.0,0.0,1.0,0.0
139,quirrel,07192016_quirrel,5.0,3.0,-1.0,1.0,0.0,1.0,1.0
140,quirrel,07192016_quirrel,6.0,4.0,1.0,1.0,0.0,1.0,1.0
141,quirrel,07192016_quirrel,7.0,5.0,2.0,1.0,0.0,1.0,1.0
142,quirrel,07192016_quirrel,8.0,6.0,3.0,1.0,0.0,1.0,1.0
143,quirrel,07192016_quirrel,9.0,7.0,4.0,1.0,0.0,1.0,1.0
144,quirrel,07192016_quirrel,10.0,8.0,5.0,1.0,0.0,1.0,1.0
145,quirrel,07192016_quirrel,11.0,9.0,6.0,1.0,0.0,1.0,1.0
146,quirrel,07192016_quirrel,12.0,10.0,7.0,1.0,0.0,1.0,1.0
147,quirrel,07192016_quirrel,13.0,11.0,8.0,1.0,0.0,1.0,1.0
148,quirrel,07192016_quirrel,14.0,12.0,9.0,1.0,0.0,1.0,1.0
149,quirrel,07192016_quirrel,15.0,13.0,10.0,1.0,0.0,1.0,1.0
150,quirrel,07192016_quirrel,16.0,14.0,11.0,1.0,0.0,1.0,1.0
151,quirrel,07192016_quirrel,17.0,15.0,12.0,1.0,0.0,1.0,1.0
152,quirrel,07192016_quirrel,18.0,16.0,13.0,1.0,0.0,1.0,1.0
153,quirrel,07192016_quirrel,19.0,17.0,14.0,1.0,0.0,1.0,1.0
154,quirrel,07192016_quirrel,20.0,18.0,15.0,0.0,1.0,0.0,0.0
155,quirrel,07192016_quirrel,21.0,1.0,-1.0,0.0,0.0,0.0,0.0
156,quirrel,07192016_quirrel,22.0,2.0,-2.0,1.0,1.0,1.0,0.0
157,quirrel,07192016_quirrel,23.0,1.0,-3.0,1.0,0.0,1.0,1.0
158,quirrel,07192016_quirrel,24.0,2.0,1.0,1.0,0.0,1.0,0.0
159,quirrel,07192016_quirrel,25.0,3.0,-1.0,1.0,0.0,1.0,1.0
160,quirrel,07192016_quirrel,26.0,4.0,1.0,1.0,0.0,1.0,1.0
161,quirrel,07192016_quirrel,27.0,5.0,2.0,1.0,0.0,1.0,1.0
162,quirrel,07192016_quirrel,28.0,6.0,3.0,1.0,0.0,1.0,1.0
163,quirrel,07192016_quirrel,29.0,7.0,4.0,1.0,0.0,1.0,1.0
164,quirrel,07192016_quirrel,30.0,8.0,5.0,1.0,0.0,1.0,0.0
165,quirrel,07192016_quirrel,31.0,9.0,-1.0,1.0,0.0,1.0,1.0
166,quirrel,07192016_quirrel,32.0,10.0,1.0,1.0,0.0,1.0,1.0
167,quirrel,07192016_quirrel,33.0,11.0,2.0,1.0,0.0,1.0,1.0
168,quirrel,07192016_quirrel,34.0,12.0,3.0,1.0,0.0,1.0,1.0
169,quirrel,07192016_quirrel,35.0,13.0,4.0,1.0,0.0,1.0,1.0
170,quirrel,07192016_quirrel,36.0,14.0,5.0,1.0,0.0,1.0,0.0
171,quirrel,07192016_quirrel,37.0,15.0,-1.0,1.0,0.0,1.0,0.0
172,quirrel,07192016_quirrel,38.0,16.0,-2.0,1.0,0.0,1.0,0.0
173,quirrel,07192016_quirrel,39.0,17.0,-3.0,1.0,0.0,1.0,0.0
174,quirrel,07192016_quirrel,40.0,18.0,-4.0,0.0,1.0,0.0,0.0
175,quirrel,07192016_quirrel,41.0,1.0,-5.0,1.0,1.0,1.0,1.0
176,quirrel,07192016_quirrel,42.0,1.0,1.0,1.0,0.0,1.0,1.0
177,quirrel,07192016_quirrel,43.0,2.0,2.0,1.0,0.0,1.0,1.0
178,quirrel,07192016_quirrel,44.0,3.0,3.0,1.0,0.0,1.0,1.0
179,quirrel,07192016_quirrel,45.0,4.0,4.0,1.0,0.0,1.0,1.0
180,quirrel,07192016_quirrel,46.0,5.0,5.0,1.0,0.0,1.0,1.0
181,quirrel,07192016_quirrel,47.0,6.0,6.0,1.0,0.0,1.0,1.0
182,quirrel,07192016_quirrel,48.0,7.0,7.0,1.0,0.0,1.0,1.0
183,quirrel,07192016_quirrel,49.0,8.0,8.0,1.0,0.0,1.0,1.0
184,quirrel,07192016_quirrel,50.0,9.0,9.0,1.0,0.0,1.0,1.0
185,quirrel,07192016_quirrel,51.0,10.0,10.0,1.0,0.0,1.0,1.0
186,quirrel,07192016_quirrel,52.0,11.0,11.0,1.0,0.0,1.0,0.0
187,quirrel,07192016_quirrel,53.0,12.0,-1.0,1.0,0.0,1.0,0.0
188,quirrel,07192016_quirrel,54.0,13.0,-2.0,1.0,0.0,1.0,1.0
189,quirrel,07192016_quirrel,55.0,14.0,1.0,1.0,0.0,1.0,1.0
190,quirrel,07192016_quirrel,56.0,15.0,2.0,1.0,0.0,1.0,1.0
191,quirrel,07192016_quirrel,57.0,16.0,3.0,1.0,0.0,1.0,0.0
192,quirrel,07192016_quirrel,58.0,17.0,-1.0,1.0,0.0,1.0,0.0
193,quirrel,07192016_quirrel,59.0,18.0,-2.0,1.0,0.0,1.0,1.0
194,quirrel,07192016_quirrel,60.0,19.0,1.0,1.0,0.0,1.0,1.0
195,quirrel,07192016_quirrel,61.0,20.0,2.0,1.0,0.0,1.0,1.0
196,quirrel,07192016_quirrel,62.0,21.0,3.0,1.0,0.0,1.0,1.0
197,quirrel,07192016_quirrel,63.0,22.0,4.0,1.0,0.0,1.0,1.0
198,quirrel,07192016_quirrel,64.0,23.0,5.0,1.0,0.0,1.0,1.0
199,quirrel,07192016_quirrel,65.0,24.0,6.0,1.0,0.0,1.0,1.0
200,quirrel,07192016_quirrel,66.0,25.0,7.0,1.0,0.0,1.0,0.0
201,quirrel,07192016_quirrel,67.0,26.0,-1.0,1.0,0.0,1.0,0.0
202,quirrel,07192016_quirrel,68.0,27.0,-2.0,1.0,0.0,1.0,1.0
203,quirrel,07192016_quirrel,0.0,28.0,1.0,1.0,0.0,0.0,1.0
204,quirrel,07192016_quirrel,1.0,29.0,2.0,1.0,0.0,0.0,0.0
205,quirrel,07192016_quirrel,2.0,30.0,-1.0,0.0,1.0,1.0,1.0
206,quirrel,07192016_quirrel,3.0,1.0,1.0,0.0,0.0,1.0,0.0
207,quirrel,07192016_quirrel,4.0,2.0,-1.0,0.0,0.0,1.0,1.0
208,quirrel,07192016_quirrel,5.0,3.0,1.0,0.0,0.0,1.0,1.0
209,quirrel,07192016_quirrel,6.0,4.0,2.0,0.0,0.0,1.0,1.0
210,quirrel,07192016_quirrel,7.0,5.0,3.0,0.0,0.0,1.0,0.0
211,quirrel,07192016_quirrel,8.0,6.0,-1.0,1.0,1.0,0.0,0.0
212,quirrel,07192016_quirrel,9.0,1.0,-2.0,1.0,0.0,0.0,0.0
213,quirrel,07192016_quirrel,10.0,2.0,-3.0,1.0,0.0,0.0,0.0
214,quirrel,07192016_quirrel,11.0,3.0,-4.0,0.0,1.0,1.0,1.0
215,quirrel,07192016_quirrel,12.0,1.0,1.0,0.0,0.0,1.0,0.0
216,quirrel,07192016_quirrel,13.0,2.0,-1.0,0.0,0.0,1.0,1.0
217,quirrel,07192016_quirrel,14.0,3.0,1.0,0.0,0.0,1.0,1.0
218,quirrel,07192016_quirrel,15.0,4.0,2.0,0.0,0.0,1.0,1.0
219,quirrel,07192016_quirrel,16.0,5.0,3.0,0.0,0.0,1.0,1.0
220,quirrel,07192016_quirrel,17.0,6.0,4.0,0.0,0.0,1.0,1.0
221,quirrel,07192016_quirrel,18.0,7.0,5.0,0.0,0.0,1.0,1.0
222,quirrel,07192016_quirrel,19.0,8.0,6.0,0.0,0.0,1.0,0.0
223,quirrel,07192016_quirrel,20.0,9.0,-1.0,0.0,0.0,1.0,1.0
224,quirrel,07192016_quirrel,21.0,10.0,1.0,0.0,0.0,1.0,1.0
225,quirrel,07192016_quirrel,22.0,11.0,2.0,0.0,0.0,1.0,1.0
226,quirrel,07192016_quirrel,23.0,12.0,3.0,0.0,0.0,1.0,1.0
227,quirrel,07192016_quirrel,24.0,13.0,4.0,0.0,0.0,1.0,1.0
228,quirrel,07192016_quirrel,25.0,14.0,5.0,0.0,0.0,1.0,0.0
229,quirrel,07192016_quirrel,26.0,15.0,-1.0,1.0,1.0,0.0,0.0
230,quirrel,07192016_quirrel,27.0,1.0,-2.0,1.0,0.0,0.0,0.0
231,quirrel,07192016_quirrel,28.0,2.0,-3.0,0.0,1.0,1.0,1.0
232,quirrel,07192016_quirrel,29.0,1.0,1.0,0.0,0.0,1.0,0.0
233,quirrel,07192016_quirrel,30.0,2.0,-1.0,0.0,0.0,1.0,1.0
234,quirrel,07192016_quirrel,31.0,3.0,1.0,0.0,0.0,1.0,1.0
235,quirrel,07192016_quirrel,32.0,4.0,2.0,0.0,0.0,1.0,1.0
236,quirrel,07192016_quirrel,33.0,5.0,3.0,0.0,0.0,1.0,0.0
237,quirrel,07192016_quirrel,34.0,6.0,-1.0,0.0,0.0,1.0,1.0
238,quirrel,07192016_quirrel,35.0,7.0,1.0,0.0,0.0,1.0,1.0
239,quirrel,07192016_quirrel,36.0,8.0,2.0,0.0,0.0,1.0,1.0
240,quirrel,07192016_quirrel,37.0,9.0,3.0,0.0,0.0,1.0,1.0
241,quirrel,07192016_quirrel,38.0,10.0,4.0,0.0,0.0,1.0,1.0
242,quirrel,07192016_quirrel,39.0,11.0,5.0,0.0,0.0,1.0,1.0
243,quirrel,07192016_quirrel,40.0,12.0,6.0,0.0,0.0,1.0,1.0
244,quirrel,07192016_quirrel,41.0,13.0,7.0,0.0,0.0,1.0,0.0
245,quirrel,07192016_quirrel,42.0,14.0,-1.0,0.0,0.0,1.0,1.0
246,quirrel,07192016_quirrel,43.0,15.0,1.0,0.0,0.0,1.0,1.0
247,quirrel,07192016_quirrel,44.0,16.0,2.0,0.0,0.0,1.0,1.0
248,quirrel,07192016_quirrel,45.0,17.0,3.0,0.0,0.0,1.0,1.0
249,quirrel,07192016_quirrel,46.0,18.0,4.0,0.0,0.0,1.0,1.0
250,quirrel,07192016_quirrel,47.0,19.0,5.0,0.0,0.0,1.0,1.0
251,quirrel,07192016_quirrel,48.0,20.0,6.0,0.0,0.0,1.0,1.0
252,quirrel,07192016_quirrel,49.0,21.0,7.0,0.0,0.0,1.0,1.0
253,quirrel,07192016_quirrel,50.0,22.0,8.0,0.0,0.0,1.0,0.0
254,quirrel,07192016_quirrel,51.0,23.0,-1.0,0.0,0.0,1.0,0.0
255,quirrel,07192016_quirrel,52.0,24.0,-2.0,1.0,1.0,0.0,0.0
256,quirrel,07192016_quirrel,53.0,1.0,-3.0,0.0,1.0,1.0,0.0
257,quirrel,07192016_quirrel,54.0,1.0,-4.0,0.0,0.0,1.0,1.0
258,quirrel,07192016_quirrel,55.0,2.0,1.0,0.0,0.0,1.0,1.0
259,quirrel,07192016_quirrel,56.0,3.0,2.0,0.0,0.0,1.0,1.0
260,quirrel,07192016_quirrel,57.0,4.0,3.0,0.0,0.0,1.0,1.0
261,quirrel,07192016_quirrel,58.0,5.0,4.0,0.0,0.0,1.0,1.0
262,quirrel,07192016_quirrel,59.0,6.0,5.0,0.0,0.0,1.0,1.0
263,quirrel,07192016_quirrel,60.0,7.0,6.0,0.0,0.0,1.0,0.0
264,quirrel,07192016_quirrel,61.0,8.0,-1.0,0.0,0.0,1.0,1.0
265,quirrel,07192016_quirrel,62.0,9.0,1.0,0.0,0.0,1.0,1.0
266,quirrel,07192016_quirrel,63.0,10.0,2.0,0.0,0.0,1.0,1.0
267,quirrel,07192016_quirrel,64.0,11.0,3.0,0.0,0.0,1.0,0.0
268,quirrel,07192016_quirrel,65.0,12.0,-1.0,0.0,0.0,1.0,1.0
269,quirrel,07192016_quirrel,66.0,13.0,1.0,0.0,0.0,1.0,1.0
270,quirrel,07192016_quirrel,67.0,14.0,2.0,0.0,0.0,1.0,1.0
271,quirrel,07192016_quirrel,68.0,15.0,3.0,0.0,0.0,1.0,0.0
272,quirrel,07192016_quirrel,69.0,16.0,-1.0,0.0,0.0,1.0,1.0
273,quirrel,07192016_quirrel,70.0,17.0,1.0,0.0,0.0,1.0,1.0
274,quirrel,07192016_quirrel,0.0,18.0,2.0,0.0,0.0,0.0,0.0
275,quirrel,07192016_quirrel,1.0,19.0,-1.0,0.0,0.0,0.0,1.0
276,quirrel,07192016_quirrel,2.0,20.0,1.0,0.0,0.0,0.0,0.0
277,quirrel,07192016_quirrel,3.0,21.0,-1.0,0.0,0.0,0.0,0.0
278,quirrel,07192016_quirrel,4.0,22.0,-2.0,0.0,0.0,0.0,0.0
279,quirrel,07192016_quirrel,5.0,23.0,-3.0,1.0,1.0,1.0,1.0
280,quirrel,07192016_quirrel,6.0,1.0,1.0,1.0,0.0,1.0,1.0
281,quirrel,07192016_quirrel,7.0,2.0,2.0,1.0,0.0,1.0,1.0
282,quirrel,07192016_quirrel,8.0,3.0,3.0,1.0,0.0,1.0,1.0
283,quirrel,07192016_quirrel,9.0,4.0,4.0,1.0,0.0,1.0,1.0
284,quirrel,07192016_quirrel,10.0,5.0,5.0,1.0,0.0,1.0,1.0
285,quirrel,07192016_quirrel,11.0,6.0,6.0,1.0,0.0,1.0,0.0
286,quirrel,07192016_quirrel,12.0,7.0,-1.0,1.0,0.0,1.0,1.0
287,quirrel,07192016_quirrel,13.0,8.0,1.0,1.0,0.0,1.0,1.0
288,quirrel,07192016_quirrel,14.0,9.0,2.0,1.0,0.0,1.0,1.0
289,quirrel,07192016_quirrel,15.0,10.0,3.0,1.0,0.0,1.0,1.0
290,quirrel,07192016_quirrel,16.0,11.0,4.0,1.0,0.0,1.0,1.0
291,quirrel,07192016_quirrel,17.0,12.0,5.0,1.0,0.0,1.0,0.0
292,quirrel,07192016_quirrel,18.0,13.0,-1.0,1.0,0.0,1.0,1.0
293,quirrel,07192016_quirrel,19.0,14.0,1.0,1.0,0.0,1.0,1.0
294,quirrel,07192016_quirrel,20.0,15.0,2.0,1.0,0.0,1.0,1.0
295,quirrel,07192016_quirrel,21.0,16.0,3.0,1.0,0.0,1.0,1.0
296,quirrel,07192016_quirrel,22.0,17.0,4.0,1.0,0.0,1.0,1.0
297,quirrel,07192016_quirrel,23.0,18.0,5.0,1.0,0.0,1.0,0.0
298,quirrel,07192016_quirrel,24.0,19.0,-1.0,1.0,0.0,1.0,0.0
299,quirrel,07192016_quirrel,25.0,20.0,-2.0,1.0,0.0,1.0,0.0
300,quirrel,07192016_quirrel,26.0,21.0,-3.0,1.0,0.0,1.0,1.0
301,quirrel,07192016_quirrel,27.0,22.0,1.0,1.0,0.0,1.0,0.0
302,quirrel,07192016_quirrel,28.0,23.0,-1.0,1.0,0.0,1.0,1.0
303,quirrel,07192016_quirrel,29.0,24.0,1.0,1.0,0.0,1.0,1.0
304,quirrel,07192016_quirrel,30.0,25.0,2.0,1.0,0.0,1.0,0.0
305,quirrel,07192016_quirrel,31.0,26.0,-1.0,1.0,0.0,1.0,1.0
306,quirrel,07192016_quirrel,32.0,27.0,1.0,1.0,0.0,1.0,1.0
307,quirrel,07192016_quirrel,33.0,28.0,2.0,1.0,0.0,1.0,0.0
308,quirrel,07192016_quirrel,34.0,29.0,-1.0,1.0,0.0,1.0,1.0
309,quirrel,07192016_quirrel,35.0,30.0,1.0,1.0,0.0,1.0,1.0
310,quirrel,07192016_quirrel,36.0,31.0,2.0,1.0,0.0,1.0,1.0
311,quirrel,07192016_quirrel,37.0,32.0,3.0,1.0,0.0,1.0,1.0
312,quirrel,07192016_quirrel,38.0,33.0,4.0,1.0,0.0,1.0,0.0
313,quirrel,07192016_quirrel,39.0,34.0,-1.0,1.0,0.0,1.0,1.0
314,quirrel,07192016_quirrel,40.0,35.0,1.0,1.0,0.0,1.0,1.0
315,quirrel,07192016_quirrel,41.0,36.0,2.0,1.0,0.0,1.0,0.0
316,quirrel,07192016_quirrel,42.0,37.0,-1.0,1.0,0.0,1.0,1.0
317,quirrel,07192016_quirrel,43.0,38.0,1.0,1.0,0.0,1.0,0.0
318,quirrel,07192016_quirrel,44.0,39.0,-1.0,1.0,0.0,1.0,1.0
319,quirrel,07192016_quirrel,45.0,40.0,1.0,1.0,0.0,1.0,1.0
320,quirrel,07192016_quirrel,46.0,41.0,2.0,1.0,0.0,1.0,1.0
321,quirrel,07192016_quirrel,47.0,42.0,3.0,1.0,0.0,1.0,0.0
322,quirrel,07192016_quirrel,48.0,43.0,-1.0,1.0,0.0,1.0,1.0
323,quirrel,07192016_quirrel,49.0,44.0,1.0,1.0,0.0,1.0,1.0
324,quirrel,07192016_quirrel,50.0,45.0,2.0,1.0,0.0,1.0,1.0
325,quirrel,07192016_quirrel,51.0,46.0,3.0,1.0,0.0,1.0,1.0
326,quirrel,07192016_quirrel,52.0,47.0,4.0,1.0,0.0,1.0,1.0
327,quirrel,07192016_quirrel,53.0,48.0,5.0,1.0,0.0,1.0,0.0
328,quirrel,07192016_quirrel,54.0,49.0,-1.0,1.0,0.0,1.0,1.0
329,quirrel,07192016_quirrel,55.0,50.0,1.0,1.0,0.0,1.0,1.0
330,quirrel,07192016_quirrel,56.0,51.0,2.0,1.0,0.0,1.0,1.0
331,quirrel,07192016_quirrel,57.0,52.0,3.0,1.0,0.0,1.0,1.0
332,quirrel,07192016_quirrel,58.0,53.0,4.0,1.0,0.0,1.0,1.0
333,quirrel,07192016_quirrel,59.0,54.0,5.0,1.0,0.0,1.0,1.0
334,quirrel,07192016_quirrel,60.0,55.0,6.0,1.0,0.0,1.0,0.0
335,quirrel,07192016_quirrel,61.0,56.0,-1.0,1.0,0.0,1.0,0.0
336,quirrel,07192016_quirrel,62.0,57.0,-2.0,1.0,0.0,1.0,1.0
337,quirrel,07192016_quirrel,63.0,58.0,1.0,1.0,0.0,1.0,1.0
338,quirrel,07192016_quirrel,64.0,59.0,2.0,1.0,0.0,1.0,0.0
339,quirrel,07192016_quirrel,65.0,60.0,-1.0,1.0,0.0,1.0,0.0
340,quirrel,07192016_quirrel,66.0,61.0,-2.0,1.0,0.0,1.0,1.0
341,quirrel,07192016_quirrel,67.0,62.0,1.0,1.0,0.0,1.0,0.0
342,quirrel,07192016_quirrel,68.0,63.0,-1.0,1.0,0.0,1.0,1.0
343,quirrel,07192016_quirrel,69.0,64.0,1.0,1.0,0.0,1.0,1.0
344,quirrel,07192016_quirrel,70.0,65.0,2.0,1.0,0.0,1.0,1.0
345,quirrel,07192016_quirrel,71.0,66.0,3.0,1.0,0.0,1.0,0.0
346,quirrel,07192016_quirrel,72.0,67.0,-1.0,1.0,0.0,1.0,1.0
347,quirrel,07192016_quirrel,0.0,68.0,1.0,1.0,0.0,0.0,0.0
348,quirrel,07192016_quirrel,1.0,69.0,-1.0,1.0,0.0,0.0,0.0
349,quirrel,07192016_quirrel,2.0,70.0,-2.0,0.0,1.0,1.0,1.0
350,quirrel,07192016_quirrel,3.0,1.0,1.0,0.0,0.0,1.0,0.0
351,quirrel,07192016_quirrel,4.0,2.0,-1.0,0.0,0.0,1.0,1.0
352,quirrel,07192016_quirrel,5.0,3.0,1.0,0.0,0.0,1.0,1.0
353,quirrel,07192016_quirrel,6.0,4.0,2.0,0.0,0.0,1.0,0.0
354,quirrel,07192016_quirrel,7.0,5.0,-1.0,0.0,0.0,1.0,1.0
355,quirrel,07192016_quirrel,8.0,6.0,1.0,0.0,0.0,1.0,1.0
356,quirrel,07192016_quirrel,9.0,7.0,2.0,0.0,0.0,1.0,1.0
357,quirrel,07192016_quirrel,10.0,8.0,3.0,0.0,0.0,1.0,1.0
358,quirrel,07192016_quirrel,11.0,9.0,4.0,0.0,0.0,1.0,1.0
359,quirrel,07192016_quirrel,12.0,10.0,5.0,0.0,0.0,1.0,1.0
360,quirrel,07192016_quirrel,13.0,11.0,6.0,0.0,0.0,1.0,1.0
361,quirrel,07192016_quirrel,14.0,12.0,7.0,0.0,0.0,1.0,1.0
362,quirrel,07192016_quirrel,15.0,13.0,8.0,0.0,0.0,1.0,1.0
363,quirrel,07192016_quirrel,16.0,14.0,9.0,0.0,0.0,1.0,1.0
364,quirrel,07192016_quirrel,17.0,15.0,10.0,0.0,0.0,1.0,1.0
365,quirrel,07192016_quirrel,18.0,16.0,11.0,0.0,0.0,1.0,1.0
366,quirrel,07192016_quirrel,19.0,17.0,12.0,0.0,0.0,1.0,0.0
367,quirrel,07192016_quirrel,20.0,18.0,-1.0,1.0,1.0,0.0,0.0
368,quirrel,07192016_quirrel,21.0,1.0,-2.0,0.0,1.0,1.0,1.0
369,quirrel,07192016_quirrel,22.0,1.0,1.0,0.0,0.0,1.0,1.0
370,quirrel,07192016_quirrel,23.0,2.0,2.0,0.0,0.0,1.0,1.0
371,quirrel,07192016_quirrel,24.0,3.0,3.0,0.0,0.0,1.0,1.0
372,quirrel,07192016_quirrel,25.0,4.0,4.0,0.0,0.0,1.0,1.0
373,quirrel,07192016_quirrel,26.0,5.0,5.0,0.0,0.0,1.0,1.0
374,quirrel,07192016_quirrel,27.0,6.0,6.0,0.0,0.0,1.0,1.0
375,quirrel,07192016_quirrel,28.0,7.0,7.0,0.0,0.0,1.0,1.0
376,quirrel,07192016_quirrel,29.0,8.0,8.0,0.0,0.0,1.0,1.0
377,quirrel,07192016_quirrel,30.0,9.0,9.0,0.0,0.0,1.0,1.0
378,quirrel,07192016_quirrel,31.0,10.0,10.0,0.0,0.0,1.0,0.0
379,quirrel,07192016_quirrel,32.0,11.0,-1.0,0.0,0.0,1.0,1.0
380,quirrel,07192016_quirrel,33.0,12.0,1.0,0.0,0.0,1.0,1.0
381,quirrel,07192016_quirrel,34.0,13.0,2.0,0.0,0.0,1.0,1.0
382,quirrel,07192016_quirrel,35.0,14.0,3.0,0.0,0.0,1.0,1.0
383,quirrel,07192016_quirrel,36.0,15.0,4.0,0.0,0.0,1.0,1.0
384,quirrel,07192016_quirrel,37.0,16.0,5.0,0.0,0.0,1.0,1.0
385,quirrel,07192016_quirrel,38.0,17.0,6.0,0.0,0.0,1.0,1.0
386,quirrel,07192016_quirrel,39.0,18.0,7.0,0.0,0.0,1.0,0.0
387,quirrel,07192016_quirrel,40.0,19.0,-1.0,0.0,0.0,1.0,1.0
388,quirrel,07192016_quirrel,41.0,20.0,1.0,0.0,0.0,1.0,1.0
389,quirrel,07192016_quirrel,42.0,21.0,2.0,0.0,0.0,1.0,1.0
390,quirrel,07192016_quirrel,43.0,22.0,3.0,0.0,0.0,1.0,1.0
391,quirrel,07192016_quirrel,44.0,23.0,4.0,0.0,0.0,1.0,1.0
392,quirrel,07192016_quirrel,45.0,24.0,5.0,0.0,0.0,1.0,1.0
393,quirrel,07192016_quirrel,46.0,25.0,6.0,0.0,0.0,1.0,1.0
394,quirrel,07192016_quirrel,47.0,26.0,7.0,0.0,0.0,1.0,0.0
395,quirrel,07192016_quirrel,48.0,27.0,-1.0,0.0,0.0,1.0,1.0
396,quirrel,07192016_quirrel,49.0,28.0,1.0,0.0,0.0,1.0,1.0
397,quirrel,07192016_quirrel,50.0,29.0,2.0,0.0,0.0,1.0,0.0
398,quirrel,07192016_quirrel,51.0,30.0,-1.0,0.0,0.0,1.0,1.0
399,quirrel,07192016_quirrel,52.0,31.0,1.0,0.0,0.0,1.0,0.0
400,quirrel,07192016_quirrel,53.0,32.0,-1.0,0.0,0.0,1.0,1.0
401,quirrel,07192016_quirrel,54.0,33.0,1.0,0.0,0.0,1.0,1.0
402,quirrel,07192016_quirrel,55.0,34.0,2.0,0.0,0.0,1.0,1.0
403,quirrel,07192016_quirrel,56.0,35.0,3.0,0.0,0.0,1.0,1.0
404,quirrel,07192016_quirrel,57.0,36.0,4.0,0.0,0.0,1.0,1.0
405,quirrel,07192016_quirrel,58.0,37.0,5.0,0.0,0.0,1.0,1.0
406,quirrel,07192016_quirrel,59.0,38.0,6.0,0.0,0.0,1.0,1.0
407,quirrel,07192016_quirrel,60.0,39.0,7.0,0.0,0.0,1.0,1.0
408,quirrel,07192016_quirrel,0.0,40.0,8.0,0.0,0.0,0.0,0.0
409,quirrel,07192016_quirrel,1.0,41.0,-1.0,0.0,0.0,0.0,0.0
410,quirrel,07192016_quirrel,2.0,42.0,-2.0,0.0,0.0,0.0,0.0
411,quirrel,07192016_quirrel,3.0,43.0,-3.0,1.0,1.0,1.0,0.0
412,quirrel,07192016_quirrel,4.0,1.0,-4.0,1.0,0.0,1.0,1.0
413,quirrel,07192016_quirrel,5.0,2.0,1.0,1.0,0.0,1.0,1.0
414,quirrel,07192016_quirrel,6.0,3.0,2.0,1.0,0.0,1.0,1.0
415,quirrel,07192016_quirrel,7.0,4.0,3.0,0.0,1.0,0.0,0.0
416,quirrel,07192016_quirrel,8.0,1.0,-1.0,0.0,0.0,0.0,1.0
417,quirrel,07192016_quirrel,9.0,2.0,1.0,0.0,0.0,0.0,0.0
418,quirrel,07192016_quirrel,10.0,3.0,-1.0,0.0,0.0,0.0,0.0
419,quirrel,07192016_quirrel,11.0,4.0,-2.0,0.0,0.0,0.0,0.0
420,quirrel,07192016_quirrel,12.0,5.0,-3.0,1.0,1.0,1.0,1.0
421,quirrel,07192016_quirrel,13.0,1.0,1.0,1.0,0.0,1.0,1.0
422,quirrel,07192016_quirrel,14.0,2.0,2.0,1.0,0.0,1.0,1.0
423,quirrel,07192016_quirrel,15.0,3.0,3.0,1.0,0.0,1.0,1.0
424,quirrel,07192016_quirrel,16.0,4.0,4.0,1.0,0.0,1.0,1.0
425,quirrel,07192016_quirrel,17.0,5.0,5.0,1.0,0.0,1.0,1.0
426,quirrel,07192016_quirrel,18.0,6.0,6.0,1.0,0.0,1.0,1.0
427,quirrel,07192016_quirrel,19.0,7.0,7.0,1.0,0.0,1.0,1.0
428,quirrel,07192016_quirrel,20.0,8.0,8.0,1.0,0.0,1.0,1.0
429,quirrel,07192016_quirrel,21.0,9.0,9.0,1.0,0.0,1.0,0.0
430,quirrel,07192016_quirrel,22.0,10.0,-1.0,1.0,0.0,1.0,1.0
431,quirrel,07192016_quirrel,23.0,11.0,1.0,1.0,0.0,1.0,1.0
432,quirrel,07192016_quirrel,24.0,12.0,2.0,1.0,0.0,1.0,1.0
433,quirrel,07192016_quirrel,25.0,13.0,3.0,1.0,0.0,1.0,1.0
434,quirrel,07192016_quirrel,26.0,14.0,4.0,1.0,0.0,1.0,1.0
435,quirrel,07192016_quirrel,27.0,15.0,5.0,1.0,0.0,1.0,0.0
436,quirrel,07192016_quirrel,28.0,16.0,-1.0,1.0,0.0,1.0,1.0
437,quirrel,07192016_quirrel,29.0,17.0,1.0,1.0,0.0,1.0,1.0
438,quirrel,07192016_quirrel,30.0,18.0,2.0,1.0,0.0,1.0,1.0
439,quirrel,07192016_quirrel,31.0,19.0,3.0,1.0,0.0,1.0,1.0
440,quirrel,07192016_quirrel,32.0,20.0,4.0,1.0,0.0,1.0,1.0
441,quirrel,07192016_quirrel,33.0,21.0,5.0,1.0,0.0,1.0,0.0
442,quirrel,07192016_quirrel,34.0,22.0,-1.0,1.0,0.0,1.0,1.0
443,quirrel,07192016_quirrel,35.0,23.0,1.0,1.0,0.0,1.0,1.0
444,quirrel,07192016_quirrel,36.0,24.0,2.0,1.0,0.0,1.0,1.0
445,quirrel,07192016_quirrel,37.0,25.0,3.0,1.0,0.0,1.0,1.0
446,quirrel,07192016_quirrel,38.0,26.0,4.0,1.0,0.0,1.0,1.0
447,quirrel,07192016_quirrel,39.0,27.0,5.0,1.0,0.0,1.0,1.0
448,quirrel,07192016_quirrel,40.0,28.0,6.0,1.0,0.0,1.0,1.0
449,quirrel,07192016_quirrel,41.0,29.0,7.0,1.0,0.0,1.0,1.0
450,quirrel,07192016_quirrel,42.0,30.0,8.0,1.0,0.0,1.0,1.0
451,quirrel,07192016_quirrel,43.0,31.0,9.0,1.0,0.0,1.0,0.0
452,quirrel,07192016_quirrel,44.0,32.0,-1.0,1.0,0.0,1.0,1.0
453,quirrel,07192016_quirrel,45.0,33.0,1.0,1.0,0.0,1.0,1.0
454,quirrel,07192016_quirrel,46.0,34.0,2.0,1.0,0.0,1.0,1.0
455,quirrel,07192016_quirrel,47.0,35.0,3.0,1.0,0.0,1.0,1.0
456,quirrel,07192016_quirrel,48.0,36.0,4.0,1.0,0.0,1.0,1.0
457,quirrel,07192016_quirrel,49.0,37.0,5.0,1.0,0.0,1.0,1.0
458,quirrel,07192016_quirrel,50.0,38.0,6.0,1.0,0.0,1.0,1.0
459,quirrel,07192016_quirrel,51.0,39.0,7.0,1.0,0.0,1.0,0.0
460,quirrel,07192016_quirrel,52.0,40.0,-1.0,1.0,0.0,1.0,1.0
461,quirrel,07192016_quirrel,53.0,41.0,1.0,1.0,0.0,1.0,1.0
462,quirrel,07192016_quirrel,54.0,42.0,2.0,1.0,0.0,1.0,1.0
463,quirrel,07192016_quirrel,55.0,43.0,3.0,1.0,0.0,1.0,1.0
464,quirrel,07192016_quirrel,56.0,44.0,4.0,1.0,0.0,1.0,0.0
465,quirrel,07192016_quirrel,57.0,45.0,-1.0,1.0,0.0,1.0,1.0
466,quirrel,07192016_quirrel,58.0,46.0,1.0,1.0,0.0,1.0,1.0
467,quirrel,07192016_quirrel,59.0,47.0,2.0,1.0,0.0,1.0,1.0
468,quirrel,07192016_quirrel,60.0,48.0,3.0,1.0,0.0,1.0,1.0
469,quirrel,07192016_quirrel,61.0,49.0,4.0,1.0,0.0,1.0,1.0
470,quirrel,07192016_quirrel,62.0,50.0,5.0,1.0,0.0,1.0,0.0
471,quirrel,07192016_quirrel,63.0,51.0,-1.0,1.0,0.0,1.0,1.0
472,quirrel,07192016_quirrel,64.0,52.0,1.0,1.0,0.0,1.0,0.0
473,quirrel,07192016_quirrel,65.0,53.0,-1.0,1.0,0.0,1.0,1.0
474,quirrel,07192016_quirrel,0.0,54.0,1.0,1.0,0.0,0.0,0.0
475,quirrel,07192016_quirrel,1.0,55.0,-1.0,1.0,0.0,0.0,0.0
476,quirrel,07192016_quirrel,2.0,56.0,-2.0,1.0,0.0,0.0,0.0
477,quirrel,07192016_quirrel,3.0,57.0,-3.0,1.0,0.0,0.0,0.0
478,quirrel,07192016_quirrel,4.0,58.0,-4.0,1.0,0.0,0.0,0.0
479,quirrel,07192016_quirrel,5.0,59.0,-5.0,1.0,0.0,0.0,0.0
480,quirrel,07192016_quirrel,6.0,60.0,-6.0,0.0,1.0,1.0,1.0
481,quirrel,07192016_quirrel,7.0,1.0,1.0,0.0,0.0,1.0,1.0
482,quirrel,07192016_quirrel,8.0,2.0,2.0,0.0,0.0,1.0,1.0
483,quirrel,07192016_quirrel,9.0,3.0,3.0,0.0,0.0,1.0,1.0
484,quirrel,07192016_quirrel,10.0,4.0,4.0,0.0,0.0,1.0,1.0
485,quirrel,07192016_quirrel,11.0,5.0,5.0,0.0,0.0,1.0,0.0
486,quirrel,07192016_quirrel,12.0,6.0,-1.0,0.0,0.0,1.0,1.0
487,quirrel,07192016_quirrel,13.0,7.0,1.0,0.0,0.0,1.0,1.0
488,quirrel,07192016_quirrel,14.0,8.0,2.0,0.0,0.0,1.0,1.0
489,quirrel,07192016_quirrel,15.0,9.0,3.0,0.0,0.0,1.0,1.0
490,quirrel,07192016_quirrel,16.0,10.0,4.0,0.0,0.0,1.0,0.0
491,quirrel,07192016_quirrel,17.0,11.0,-1.0,0.0,0.0,1.0,1.0
492,quirrel,07192016_quirrel,18.0,12.0,1.0,0.0,0.0,1.0,1.0
493,quirrel,07192016_quirrel,19.0,13.0,2.0,0.0,0.0,1.0,0.0
494,quirrel,07192016_quirrel,20.0,14.0,-1.0,1.0,1.0,0.0,0.0
495,quirrel,07192016_quirrel,21.0,1.0,-2.0,1.0,0.0,0.0,0.0
496,quirrel,07192016_quirrel,22.0,2.0,-3.0,0.0,1.0,1.0,0.0
497,quirrel,07192016_quirrel,23.0,1.0,-4.0,1.0,1.0,0.0,0.0
498,quirrel,07192016_quirrel,24.0,1.0,-5.0,0.0,1.0,1.0,0.0
499,quirrel,07192016_quirrel,25.0,1.0,-6.0,0.0,0.0,1.0,0.0
500,quirrel,07192016_quirrel,26.0,2.0,-7.0,0.0,0.0,1.0,1.0
501,quirrel,07192016_quirrel,27.0,3.0,1.0,0.0,0.0,1.0,1.0
502,quirrel,07192016_quirrel,28.0,4.0,2.0,0.0,0.0,1.0,1.0
503,quirrel,07192016_quirrel,29.0,5.0,3.0,0.0,0.0,1.0,0.0
504,quirrel,07192016_quirrel,30.0,6.0,-1.0,0.0,0.0,1.0,1.0
505,quirrel,07192016_quirrel,31.0,7.0,1.0,0.0,0.0,1.0,1.0
506,quirrel,07192016_quirrel,32.0,8.0,2.0,0.0,0.0,1.0,1.0
507,quirrel,07192016_quirrel,33.0,9.0,3.0,0.0,0.0,1.0,0.0
508,quirrel,07192016_quirrel,34.0,10.0,-1.0,0.0,0.0,1.0,1.0
509,quirrel,07192016_quirrel,35.0,11.0,1.0,0.0,0.0,1.0,1.0
510,quirrel,07192016_quirrel,36.0,12.0,2.0,0.0,0.0,1.0,1.0
511,quirrel,07192016_quirrel,37.0,13.0,3.0,0.0,0.0,1.0,1.0
512,quirrel,07192016_quirrel,38.0,14.0,4.0,0.0,0.0,1.0,1.0
513,quirrel,07192016_quirrel,39.0,15.0,5.0,0.0,0.0,1.0,0.0
514,quirrel,07192016_quirrel,40.0,16.0,-1.0,0.0,0.0,1.0,1.0
515,quirrel,07192016_quirrel,41.0,17.0,1.0,0.0,0.0,1.0,1.0
516,quirrel,07192016_quirrel,42.0,18.0,2.0,0.0,0.0,1.0,1.0
517,quirrel,07192016_quirrel,43.0,19.0,3.0,0.0,0.0,1.0,1.0
518,quirrel,07192016_quirrel,44.0,20.0,4.0,0.0,0.0,1.0,1.0
519,quirrel,07192016_quirrel,45.0,21.0,5.0,0.0,0.0,1.0,0.0
520,quirrel,07192016_quirrel,46.0,22.0,-1.0,0.0,0.0,1.0,0.0
521,quirrel,07192016_quirrel,47.0,23.0,-2.0,0.0,0.0,1.0,1.0
522,quirrel,07192016_quirrel,48.0,24.0,1.0,1.0,1.0,0.0,0.0
523,quirrel,07192016_quirrel,49.0,1.0,-1.0,0.0,1.0,1.0,1.0
524,quirrel,07192016_quirrel,50.0,1.0,1.0,0.0,0.0,1.0,0.0
525,quirrel,07192016_quirrel,51.0,2.0,-1.0,0.0,0.0,1.0,1.0
526,quirrel,07192016_quirrel,52.0,3.0,1.0,0.0,0.0,1.0,1.0
527,quirrel,07192016_quirrel,53.0,4.0,2.0,0.0,0.0,1.0,1.0
528,quirrel,07192016_quirrel,54.0,5.0,3.0,0.0,0.0,1.0,1.0
529,quirrel,07192016_quirrel,55.0,6.0,4.0,0.0,0.0,1.0,1.0
530,quirrel,07192016_quirrel,56.0,7.0,5.0,0.0,0.0,1.0,1.0
531,quirrel,07192016_quirrel,57.0,8.0,6.0,0.0,0.0,1.0,1.0
532,quirrel,07192016_quirrel,58.0,9.0,7.0,0.0,0.0,1.0,1.0
533,quirrel,07192016_quirrel,59.0,10.0,8.0,0.0,0.0,1.0,1.0
534,quirrel,07192016_quirrel,60.0,11.0,9.0,0.0,0.0,1.0,1.0
535,quirrel,07192016_quirrel,61.0,12.0,10.0,0.0,0.0,1.0,1.0
536,quirrel,07192016_quirrel,62.0,13.0,11.0,0.0,0.0,1.0,1.0
537,quirrel,07192016_quirrel,63.0,14.0,12.0,0.0,0.0,1.0,1.0
538,quirrel,07192016_quirrel,64.0,15.0,13.0,0.0,0.0,1.0,1.0
539,quirrel,07192016_quirrel,65.0,16.0,14.0,0.0,0.0,1.0,1.0
540,quirrel,07192016_quirrel,66.0,17.0,15.0,0.0,0.0,1.0,1.0
541,quirrel,07192016_quirrel,67.0,18.0,16.0,0.0,0.0,1.0,1.0
542,quirrel,07192016_quirrel,68.0,19.0,17.0,0.0,0.0,1.0,1.0
543,quirrel,07192016_quirrel,69.0,20.0,18.0,0.0,0.0,1.0,1.0
544,quirrel,07192016_quirrel,70.0,21.0,19.0,0.0,0.0,1.0,0.0
545,quirrel,07192016_quirrel,71.0,22.0,-1.0,0.0,0.0,1.0,1.0
546,quirrel,07192016_quirrel,72.0,23.0,1.0,0.0,0.0,1.0,1.0
547,quirrel,07192016_quirrel,0.0,24.0,2.0,0.0,0.0,0.0,0.0
548,quirrel,07192016_quirrel,1.0,25.0,-1.0,0.0,0.0,0.0,1.0
549,quirrel,07192016_quirrel,2.0,26.0,1.0,0.0,0.0,0.0,0.0
550,quirrel,07192016_quirrel,3.0,27.0,-1.0,0.0,0.0,0.0,0.0
551,quirrel,07192016_quirrel,4.0,28.0,-2.0,0.0,0.0,0.0,0.0
552,quirrel,07192016_quirrel,5.0,29.0,-3.0,1.0,1.0,1.0,1.0
553,quirrel,07192016_quirrel,6.0,1.0,1.0,1.0,0.0,1.0,1.0
554,quirrel,07192016_quirrel,7.0,2.0,2.0,1.0,0.0,1.0,1.0
555,quirrel,07192016_quirrel,8.0,3.0,3.0,1.0,0.0,1.0,0.0
556,quirrel,07192016_quirrel,9.0,4.0,-1.0,1.0,0.0,1.0,0.0
557,quirrel,07192016_quirrel,10.0,5.0,-2.0,1.0,0.0,1.0,1.0
558,quirrel,07192016_quirrel,11.0,6.0,1.0,1.0,0.0,1.0,1.0
559,quirrel,07192016_quirrel,12.0,7.0,2.0,1.0,0.0,1.0,1.0
560,quirrel,07192016_quirrel,13.0,8.0,3.0,1.0,0.0,1.0,1.0
561,quirrel,07192016_quirrel,14.0,9.0,4.0,1.0,0.0,1.0,1.0
562,quirrel,07192016_quirrel,15.0,10.0,5.0,1.0,0.0,1.0,1.0
563,quirrel,07192016_quirrel,16.0,11.0,6.0,1.0,0.0,1.0,1.0
564,quirrel,07192016_quirrel,17.0,12.0,7.0,1.0,0.0,1.0,1.0
565,quirrel,07192016_quirrel,18.0,13.0,8.0,1.0,0.0,1.0,1.0
566,quirrel,07192016_quirrel,19.0,14.0,9.0,1.0,0.0,1.0,1.0
567,quirrel,07192016_quirrel,20.0,15.0,10.0,1.0,0.0,1.0,0.0
568,quirrel,07192016_quirrel,21.0,16.0,-1.0,1.0,0.0,1.0,1.0
569,quirrel,07192016_quirrel,22.0,17.0,1.0,0.0,1.0,0.0,1.0
570,quirrel,07192016_quirrel,23.0,1.0,2.0,0.0,0.0,0.0,0.0
571,quirrel,07192016_quirrel,24.0,2.0,-1.0,0.0,0.0,0.0,0.0
572,quirrel,07192016_quirrel,25.0,3.0,-2.0,1.0,1.0,1.0,1.0
573,quirrel,07192016_quirrel,26.0,1.0,1.0,1.0,0.0,1.0,1.0
574,quirrel,07192016_quirrel,27.0,2.0,2.0,1.0,0.0,1.0,1.0
575,quirrel,07192016_quirrel,28.0,3.0,3.0,1.0,0.0,1.0,0.0
576,quirrel,07192016_quirrel,29.0,4.0,-1.0,1.0,0.0,1.0,1.0
577,quirrel,07192016_quirrel,30.0,5.0,1.0,1.0,0.0,1.0,1.0
578,quirrel,07192016_quirrel,31.0,6.0,2.0,1.0,0.0,1.0,1.0
579,quirrel,07192016_quirrel,32.0,7.0,3.0,1.0,0.0,1.0,1.0
580,quirrel,07192016_quirrel,33.0,8.0,4.0,1.0,0.0,1.0,1.0
581,quirrel,07192016_quirrel,34.0,9.0,5.0,1.0,0.0,1.0,1.0
582,quirrel,07192016_quirrel,35.0,10.0,6.0,1.0,0.0,1.0,1.0
583,quirrel,07192016_quirrel,36.0,11.0,7.0,1.0,0.0,1.0,1.0
584,quirrel,07192016_quirrel,37.0,12.0,8.0,1.0,0.0,1.0,1.0
585,quirrel,07192016_quirrel,38.0,13.0,9.0,1.0,0.0,1.0,1.0
586,quirrel,07192016_quirrel,39.0,14.0,10.0,0.0,1.0,0.0,0.0
587,quirrel,07192016_quirrel,40.0,1.0,-1.0,1.0,1.0,1.0,0.0
588,quirrel,07192016_quirrel,41.0,1.0,-2.0,0.0,1.0,0.0,0.0
589,quirrel,07192016_quirrel,42.0,1.0,-3.0,0.0,0.0,0.0,0.0
